-- 06_window_rolling_7day.sql  [statement 1]
day|tickets|rolling_7day_avg|running_total
2026-08-01|9|9.0|9
2026-08-02|14|11.5|23
2026-08-03|18|13.67|41
2026-08-04|24|16.25|65
2026-08-05|26|18.2|91
2026-08-06|21|18.67|112
2026-08-07|26|19.71|138
2026-08-08|13|20.29|151
2026-08-09|13|20.14|164
2026-08-10|19|20.29|183
2026-08-11|19|19.57|202
2026-08-12|19|18.57|221
2026-08-13|21|18.57|242
2026-08-14|24|18.29|266
2026-08-15|9|17.71|275
2026-08-16|8|17.0|283
2026-08-17|26|18.0|309
2026-08-18|19|18.0|328
2026-08-19|18|17.86|346
2026-08-20|18|17.43|364
2026-08-21|18|16.57|382
2026-08-22|9|16.57|391
2026-08-23|8|16.57|399
2026-08-24|25|16.43|424
2026-08-25|19|16.43|443
2026-08-26|26|17.57|469
2026-08-27|26|18.71|495
2026-08-28|19|18.86|514
2026-08-29|13|19.43|527
2026-08-30|11|19.86|538
2026-08-31|22|19.43|560
2026-09-01|26|20.43|586
2026-09-02|23|20.0|609
2026-09-03|23|19.57|632
2026-09-04|18|19.43|650
2026-09-05|11|19.14|661
2026-09-06|9|18.86|670
2026-09-07|23|19.0|693
2026-09-08|26|19.0|719
2026-09-09|26|19.43|745
2026-09-10|20|19.0|765
2026-09-11|20|19.29|785
2026-09-12|10|19.14|795
2026-09-13|11|19.43|806
2026-09-14|18|18.71|824
2026-09-15|22|18.14|846
2026-09-16|18|17.0|864
2026-09-17|23|17.43|887
2026-09-18|22|17.71|909
2026-09-19|9|17.57|918
2026-09-20|14|18.0|932
2026-09-21|18|18.0|950
2026-09-22|21|17.86|971
2026-09-23|20|18.14|991
2026-09-24|25|18.43|1016
2026-09-25|20|18.14|1036
2026-09-26|12|18.57|1048
2026-09-27|10|18.0|1058
2026-09-28|20|18.29|1078
2026-09-29|19|18.0|1097
2026-09-30|25|18.71|1122
-- rows: 61
